31,93,102,116,149,170,172,197,240,262,285,305
26,115,264
6,8,25,129,134,217,225,277,293
22,49,101,138,161,307,311
11,19,37,117,128,145,157,159,194,206,244,246,255,279,288,290,320,323
33,75,103,112,148,171,183,188,223,275,308
46,122,234,252,266,267,306
18,35,59,70,97,107,146,166,178,219,263
40,77,83,109,121,133,150
43,127,160,280
30,55,58,84,89,137,191,211,238,253,269,283,294
13,36,52,57,94,106,110,120,177,181,202,237
7,104,136,190,199,214,242,282,289,316
14,60,80,82,85,111,272,318,322
5,67,119,232,303
62,92,99,108,132,143,195,286,312
16,17,69,95,96,98,144,147,158,165,168,169,189,196,221,292
141,185,187,192,222,230,261,276
32,139,203,229,271,317,321
23,152,258,300
54,113,125,126,153,155,235,243
0,24,48,76,131,167,224
2,73,151,200,205,250,274,284
3,63,130,163,179,207,220,239
45,53,61,64,68,87,100,154,180,204,209,268,310
28,44,114,215,273,313,319
12,71,78,156,175,182,184,216,226,249,295,299
9,51,91,173,174,208,236,248,256,265
4,27,65,66,164,176,212,278,287,304,314
15,34,50,72,241,247,315
10,21,135,227,251,301
198,233,260,302
41
39,56,74,86,105,281
123
1,29,88,142,245,270,296
20,38,162,201,257,291
42,79,90,124,140,228,231,298
47,186,259,309
193,210,213,218,297
81,118,254
