1,27,29,164,245,270,278,287,322
119,193,210,213,214,218,289,297
43,48
59,62,78,184,286
25,31,60,80,82,85,142,149,170,240,262,272,318
35,107,182
141,185,187,192,222,261
65,103,171,183,212
23,71,152,258
20,54,86
8,18,66,75,176,178,188
7,28,44,52,165,189
3,5,67,115,226,232,300,303
41,223,296
56,90,113,124,125,126,140,153,155,231,235,242,243,298
13,16,17,36,57,61,64,98,147,237
81,105,246,247
9,51,236,248,256,311,317
97,129,134,146,181,217,219,225,263,277
14,102,111,116,166,172,197,285,305
6,139,271,275
99,156,195,216,249,295,299,302,312
70,94,202,229,293
0,104,136,167,190,199,316
38,42,79,228
112,135
30,55,58,84,89,137,148,191,238,269,283,294,321
47,186,251,259,301
130,163,179,220,264,273,319
96,106,110,120,158,168,169,177,221,292,308
230,233,260,276,307
77,83,109,121,122,133,150,234,267,306
22,49,91,101,138,161,173,174,208,265
10,21,227,309
26,63,114,207,239
40,46,252,266
95,144,196,282,313
19,34,37,50,69,194,201,206,244,254,255,257,279,315,320,323
11,39,74,117,128,162,281,288
24,76,127,131,160,198,215,224,280
2,45,53,268
4,88,304,314
32,93,211,253
12,92,108,132,143,175
33,68,73,87,100,151,154,180,200,203,204,205,209,250,274,284,310
118,145,241,290,291
15,72,123,157,159
